	 1448907005 
	 1448907060 
	 1448907120 
	 1448907331 
	 1448907413 
	 1448907473 
	 1448907533 
	 1448907580 
	 1448907669 
	 1448907690 
	 1448907750 
	 1448907810 
	 1448907870 
	 1448907970 
	 1448908030 
	 1448908078 
	 1448908145 
	 1448908214 
	 1448908239 
	 1448908291 
	 1448908368 
	 1448908428 
	 1448908470 
	 1448908538 
	 1448908609 
	 1448908685 
	 1448908745 
	 1448908788 
	 1448908868 
	 1448908900 
	 1448908971 
	 1448909010 
	 1448909070 
	 1448909206 
	 1448909281 
	 1448909350 
	 1448909379 
	 1448909454 
	 1448909494 
	 1448909549 
	 1448909609 
	 1448909683 
	 1448909744 
	 1448909813 
	 1448909874 
	 1448909934 
	 1448910028 
	 1448910083 
	 1448910144 
	 1448910204 
	 1448910264 
	 1448910324 
	 1448910385 
	 1448910443 
	 1448910505 
	 1448910630 
	 1448910690 
	 1448910750 
	 1448910816 
	 1448910895 
	 1448910955 
	 1448911050 
	 1448911115 
	 1448911184 
	 1448911244 
	 1448911304 
	 1448911364 
	 1448911425 
	 1448911496 
	 1448911579 
	 1448911602 
	 1448911680 
	 1448911764 
	 1448911825 
	 1448911856 
	 1448911908 
	 1448911981 
	 1448912041 
	 1448912087 
	 1448912161 
	 1448912223 
	 1448912285 
	 1448912337 
	 1448912426 
	 1448912501 
	 1448912563 
	 1448912628 
	 1448912689 
	 1448912749 
	 1448912810 
	 1448912880 
	 1448912940 
	 1448913000 
	 1448913061 
	 1448913102 
	 1448913165 
	 1448913187 
	 1448913274 
	 1448913349 
	 1448913409 
	 1448913663 
	 1448914056 
	 1448914269 
	 1448914314 
	 1448914354 
	 1448914494 
	 1448914622 
	 1448914672 
	 1448914732 
	 1448914859 
	 1448914920 
	 1448914980 
	 1448915040 
	 1448915100 
	 1448915155 
	 1448915182 
	 1448915247 
	 1448915285 
	 1448915396 
	 1448915454 
	 1448915518 
	 1448915573 
	 1448915633 
	 1448915697 
	 1448915757 
	 1448915876 
	 1448915939 
	 1448915997 
	 1448916054 
	 1448916115 
	 1448916194 
	 1448916264 
	 1448916311 
	 1448916396 
	 1448916460 
	 1448916488 
	 1448916545 
	 1448916621 
	 1448916692 
	 1448916752 
	 1448916812 
	 1448916852 
	 1448916936 
	 1448917027 
	 1448917078 
	 1448917138 
	 1448917234 
	 1448917258 
	 1448917318 
	 1448917379 
	 1448917465 
	 1448917526 
	 1448917601 
	 1448917662 
	 1448917722 
	 1448917767 
	 1448917798 
	 1448917858 
	 1448917954 
	 1448917989 
	 1448918056 
	 1448918101 
	 1448918159 
	 1448918230 
	 1448918314 
	 1448918374 
	 1448918442 
	 1448918502 
	 1448918519 
	 1448918579 
	 1448918644 
	 1448918713 
	 1448918773 
	 1448918854 
	 1448918915 
	 1448918965 
	 1448919036 
	 1448919104 
	 1448919180 
	 1448919265 
	 1448919325 
	 1448919358 
	 1448919463 
	 1448919524 
	 1448919561 
	 1448919620 
	 1448919680 
	 1448919719 
	 1448919814 
	 1448919865 
	 1448919917 
	 1448919997 
	 1448920058 
	 1448920118 
	 1448920198 
	 1448920303 
	 1448920347 
	 1448920386 
	 1448920465 
	 1448920521 
	 1448920567 
	 1448920619 
	 1448920716 
	 1448920765 
	 1448920834 
	 1448921046 
	 1448921163 
	 1448921202 
	 1448921232 
	 1448921292 
	 1448921409 
	 1448921519 
	 1448921581 
	 1448921624 
	 1448921657 
	 1448921722 
	 1448921763 
	 1448921811 
	 1448921853 
	 1448921949 
	 1448922009 
	 1448922070 
	 1448922094 
	 1448922153 
	 1448922229 
	 1448922289 
	 1448922336 
	 1448922413 
	 1448922474 
	 1448922542 
	 1448922634 
	 1448922694 
	 1448922755 
	 1448922815 
	 1448922886 
	 1448922962 
	 1448923022 
	 1448923083 
	 1448923173 
	 1448923233 
	 1448923294 
	 1448923413 
	 1448923474 
	 1448923555 
	 1448923615 
	 1448923714 
	 1448923774 
	 1448923862 
	 1448923922 
	 1448924043 
	 1448924135 
	 1448924195 
	 1448924338 
	 1448924398 
	 1448924459 
	 1448924519 
	 1448924614 
	 1448924679 
	 1448924747 
	 1448924794 
	 1448924829 
	 1448924884 
	 1448924974 
	 1448925019 
	 1448925051 
	 1448925122 
	 1448925183 
	 1448925407 
	 1448925454 
	 1448925515 
	 1448925576 
	 1448925637 
	 1448925655 
	 1448925783 
	 1448925926 
	 1448925961 
	 1448926028 
	 1448926144 
	 1448926316 
	 1448926332 
	 1448926383 
	 1448926526 
	 1448926543 
	 1448926594 
	 1448926715 
	 1448926775 
	 1448926836 
	 1448926896 
	 1448926984 
	 1448927134 
	 1448927239 
	 1448927291 
	 1448927352 
	 1448927412 
	 1448927473 
	 1448927494 
	 1448927537 
	 1448927665 
	 1448927686 
	 1448927807 
	 1448927867 
	 1448928245 
	 1448928305 
	 1448928426 
	 1448928582 
	 1448928923 
	 1448928944 
	 1448929052 
	 1448929115 
	 1448929237 
	 1448929305 
	 1448929373 
	 1448929453 
	 1448929663 
	 1448929861 
	 1448929994 
	 1448930055 
	 1448930080 
	 1448930119 
	 1448930196 
	 1448930276 
	 1448930363 
	 1448930419 
	 1448930439 
	 1448930483 
	 1448930604 
	 1448930665 
	 1448930795 
	 1448930812 
	 1448930859 
	 1448930996 
	 1448931056 
	 1448931116 
	 1448931193 
	 1448931253 
	 1448931313 
	 1448931470 
	 1448931511 
	 1448931572 
	 1448931632 
	 1448931712 
	 1448931751 
	 1448931813 
	 1448931890 
	 1448931950 
	 1448931991 
	 1448932053 
	 1448932111 
	 1448932174 
	 1448932232 
	 1448932310 
	 1448932360 
	 1448932433 
	 1448932472 
	 1448932549 
	 1448932632 
	 1448932652 
	 1448932712 
	 1448932792 
	 1448932835 
	 1448932956 
	 1448932973 
	 1448933032 
	 1448933106 
	 1448933172 
	 1448933209 
	 1448933272 
	 1448933380 
	 1448933440 
	 1448933509 
	 1448933570 
	 1448933661 
	 1448933722 
	 1448933844 
	 1448933892 
	 1448933920 
	 1448933981 
	 1448934041 
	 1448934092 
	 1448934171 
	 1448934233 
	 1448934263 
	 1448934307 
	 1448934367 
	 1448934428 
	 1448934512 
	 1448934564 
	 1448934607 
	 1448934667 
	 1448934727 
	 1448934790 
	 1448934872 
	 1448934940 
	 1448935000 
	 1448935064 
	 1448935125 
	 1448935163 
	 1448935240 
	 1448935267 
	 1448935327 
	 1448935412 
	 1448935473 
	 1448935533 
	 1448935598 
	 1448935658 
	 1448935719 
	 1448935779 
	 1448935862 
	 1448935939 
	 1448935999 
	 1448936060 
	 1448936121 
	 1448936246 
	 1448936314 
	 1448936374 
	 1448936435 
	 1448936495 
	 1448936572 
	 1448936633 
	 1448936693 
	 1448936762 
	 1448936823 
	 1448936883 
	 1448936943 
	 1448937003 
	 1448937064 
	 1448937125 
	 1448937186 
	 1448937247 
	 1448937307 
	 1448937368 
	 1448937429 
	 1448937489 
	 1448937549 
	 1448937609 
	 1448937687 
	 1448937706 
	 1448937753 
	 1448937818 
	 1448937881 
	 1448937969 
	 1448938034 
	 1448938113 
	 1448938164 
	 1448938252 
	 1448938328 
	 1448938460 
	 1448938734 
	 1448938910 
	 1448938931 
	 1448939009 
	 1448939028 
	 1448939276 
	 1448939396 
	 1448939413 
	 1448939473 
	 1448939553 
	 1448939743 
	 1448939807 
	 1448939853 
	 1448939871 
	 1448939931 
	 1448939992 
	 1448940036 
	 1448940093 
	 1448940153 
	 1448940213 
	 1448940274 
	 1448940357 
	 1448940417 
	 1448940479 
	 1448940565 
	 1448940693 
	 1448940753 
	 1448940814 
	 1448940874 
	 1448941053 
	 1448941097 
	 1448941157 
	 1448941218 
	 1448941278 
	 1448941297 
	 1448941357 
	 1448941418 
	 1448941478 
	 1448941576 
	 1448941713 
	 1448941761 
	 1448941821 
	 1448941893 
	 1448941953 
	 1448942019 
	 1448942078 
	 1448942138 
	 1448942198 
	 1448942227 
	 1448942337 
	 1448942385 
	 1448942433 
	 1448942470 
	 1448942531 
	 1448942591 
	 1448942651 
	 1448942689 
	 1448942712 
	 1448942772 
	 1448942832 
	 1448942893 
	 1448943075 
	 1448943213 
	 1448943267 
	 1448943336 
	 1448943396 
	 1448943457 
	 1448943517 
	 1448943565 
	 1448943597 
	 1448943658 
	 1448943736 
	 1448943797 
	 1448943873 
	 1448943934 
	 1448943995 
	 1448944055 
	 1448944115 
	 1448944175 
	 1448944236 
	 1448944280 
	 1448944318 
	 1448944377 
	 1448944440 
	 1448944517 
	 1448944577 
	 1448944638 
	 1448944678 
	 1448944778 
	 1448944839 
	 1448944859 
	 1448944917 
	 1448944977 
	 1448945038 
	 1448945098 
	 1448945197 
	 1448945257 
	 1448945277 
	 1448945337 
	 1448945397 
	 1448945458 
	 1448945529 
	 1448945610 
	 1448945673 
	 1448945701 
	 1448945797 
	 1448945858 
	 1448945919 
	 1448945965 
	 1448945997 
	 1448946061 
	 1448946122 
	 1448946182 
	 1448946243 
	 1448946304 
	 1448946364 
	 1448946425 
	 1448946485 
	 1448946545 
	 1448946605 
	 1448946666 
	 1448946753 
	 1448946813 
	 1448946845 
	 1448946933 
	 1448946971 
	 1448947032 
	 1448947113 
	 1448947173 
	 1448947234 
	 1448947294 
	 1448947354 
	 1448947415 
	 1448947465 
	 1448947511 
	 1448947557 
	 1448947654 
	 1448947717 
	 1448947765 
	 1448947833 
	 1448947874 
	 1448947934 
	 1448947994 
	 1448948040 
	 1448948105 
	 1448948143 
	 1448948204 
	 1448948264 
	 1448948325 
	 1448948385 
	 1448948445 
	 1448948505 
	 1448948566 
	 1448948665 
	 1448948743 
	 1448948803 
	 1448948863 
	 1448948965 
	 1448949025 
	 1448949085 
	 1448949146 
	 1448949206 
	 1448949267 
	 1448949327 
	 1448949388 
	 1448949448 
	 1448949508 
	 1448949565 
	 1448949583 
	 1448949644 
	 1448949704 
	 1448949764 
	 1448949852 
	 1448949925 
	 1448949986 
	 1448950047 
	 1448950107 
	 1448950167 
	 1448950185 
	 1448950244 
	 1448950304 
	 1448950365 
	 1448950465 
	 1448950484 
	 1448950543 
	 1448950604 
	 1448950664 
	 1448950740 
	 1448950801 
	 1448950925 
	 1448951118 
	 1448951183 
	 1448951318 
	 1448951365 
	 1448951382 
	 1448951504 
	 1448951534 
	 1448951592 
	 1448951652 
	 1448951728 
	 1448951777 
	 1448951837 
	 1448951926 
	 1448951966 
	 1448952017 
	 1448952097 
	 1448952158 
	 1448952201 
	 1448952287 
	 1448952333 
	 1448952351 
	 1448952415 
	 1448952475 
	 1448952535 
	 1448952596 
	 1448952672 
	 1448952733 
	 1448952793 
	 1448952865 
	 1448952896 
	 1448952955 
	 1448953056 
	 1448953113 
	 1448953165 
	 1448953200 
	 1448953261 
	 1448953321 
	 1448953389 
	 1448953450 
	 1448953525 
	 1448953585 
	 1448953675 
	 1448953720 
	 1448953739 
	 1448953803 
	 1448953840 
	 1448953967 
	 1448954091 
	 1448954177 
	 1448954211 
	 1448954271 
	 1448954332 
	 1448954361 
	 1448954422 
	 1448954482 
	 1448954626 
	 1448954673 
	 1448954691 
	 1448954751 
	 1448954895 
	 1448954969 
	 1448955068 
	 1448955128 
	 1448955167 
	 1448955213 
	 1448955273 
	 1448955337 
	 1448955397 
	 1448955457 
	 1448955595 
	 1448955633 
	 1448955659 
	 1448955719 
	 1448955779 
	 1448955865 
	 1448955933 
	 1448955968 
	 1448955997 
	 1448956058 
	 1448956118 
	 1448956238 
	 1448956283 
	 1448956343 
	 1448956403 
	 1448956463 
	 1448956524 
	 1448956586 
	 1448956646 
	 1448956706 
	 1448956834 
	 1448956863 
	 1448956923 
	 1448956983 
	 1448957044 
	 1448957104 
	 1448957193 
	 1448957241 
	 1448957301 
	 1448957426 
	 1448957488 
	 1448957549 
	 1448957609 
	 1448957675 
	 1448957736 
	 1448957796 
	 1448957857 
	 1448957933 
	 1448957994 
	 1448958023 
	 1448958059 
	 1448958119 
	 1448958217 
	 1448958277 
	 1448958337 
	 1448958398 
	 1448958458 
	 1448958518 
	 1448958634 
	 1448958681 
	 1448958741 
	 1448958801 
	 1448958878 
	 1448958938 
	 1448958993 
	 1448959053 
	 1448959114 
	 1448959174 
	 1448959234 
	 1448959297 
	 1448959365 
	 1448959426 
	 1448959486 
	 1448959551 
	 1448959627 
	 1448959688 
	 1448959749 
	 1448959809 
	 1448959869 
	 1448959990 
	 1448960018 
	 1448960065 
	 1448960125 
	 1448960151 
	 1448960210 
	 1448960271 
	 1448960331 
	 1448960464 
	 1448960485 
	 1448960528 
	 1448960589 
	 1448960665 
	 1448960726 
	 1448960786 
	 1448960846 
	 1448960922 
	 1448960983 
	 1448961043 
	 1448961104 
	 1448961164 
	 1448961225 
	 1448961265 
	 1448961333 
	 1448961350 
	 1448961401 
	 1448961461 
	 1448961521 
	 1448961581 
	 1448961642 
	 1448961715 
	 1448961775 
	 1448961837 
	 1448961897 
	 1448961958 
	 1448962018 
	 1448962078 
	 1448962165 
	 1448962233 
	 1448962293 
	 1448962353 
	 1448962414 
	 1448962584 
	 1448962602 
	 1448962648 
	 1448962711 
	 1448962771 
	 1448962831 
	 1448962908 
	 1448962968 
	 1448963028 
	 1448963088 
	 1448963149 
	 1448963210 
	 1448963286 
	 1448963346 
	 1448963407 
	 1448963468 
	 1448963528 
	 1448963588 
	 1448963649 
	 1448963694 
	 1448963763 
	 1448963828 
	 1448963886 
	 1448963946 
	 1448964006 
	 1448964068 
	 1448964128 
	 1448964189 
	 1448964249 
	 1448964309 
	 1448964370 
	 1448964430 
	 1448964491 
	 1448964550 
	 1448964595 
	 1448964628 
	 1448964688 
	 1448964748 
	 1448964809 
	 1448964871 
	 1448964932 
	 1448964993 
	 1448965054 
	 1448965172 
	 1448965190 
	 1448965250 
	 1448965314 
	 1448965374 
	 1448965434 
	 1448965501 
	 1448965560 
	 1448965620 
	 1448965680 
	 1448965765 
	 1448965835 
	 1448965862 
	 1448965899 
	 1448965959 
	 1448966020 
	 1448966080 
	 1448966172 
	 1448966193 
	 1448966236 
	 1448966297 
	 1448966417 
	 1448966458 
	 1448966519 
	 1448966579 
	 1448966640 
	 1448966733 
	 1448966750 
	 1448966810 
	 1448966871 
	 1448966931 
	 1448966995 
	 1448967041 
	 1448967097 
	 1448967158 
	 1448967220 
	 1448967281 
	 1448967341 
	 1448967408 
	 1448967547 
	 1448967565 
	 1448967634 
	 1448967651 
	 1448967715 
	 1448967792 
	 1448967852 
	 1448967913 
	 1448967973 
	 1448968033 
	 1448968094 
	 1448968154 
	 1448968238 
	 1448968255 
	 1448968303 
	 1448968366 
	 1448968541 
	 1448968598 
	 1448968659 
	 1448968719 
	 1448968782 
	 1448968842 
	 1448968904 
	 1448968965 
	 1448969042 
	 1448969102 
	 1448969168 
	 1448969189 
	 1448969253 
	 1448969337 
	 1448969401 
	 1448969461 
	 1448969522 
	 1448969582 
	 1448969642 
	 1448969703 
	 1448969764 
	 1448969825 
	 1448969873 
	 1448969909 
	 1448969994 
	 1448970055 
	 1448970128 
	 1448970189 
	 1448970310 
	 1448970333 
	 1448970385 
	 1448970445 
	 1448970513 
	 1448970589 
	 1448970650 
	 1448970693 
	 1448970734 
	 1448970795 
	 1448970926 
	 1448970943 
	 1448970990 
	 1448971050 
	 1448971198 
	 1448971235 
	 1448971262 
	 1448971322 
	 1448971382 
	 1448971502 
	 1448971525 
	 1448971593 
	 1448971654 
	 1448971714 
	 1448971780 
	 1448971840 
	 1448971900 
	 1448971960 
	 1448972021 
	 1448972163 
	 1448972211 
	 1448972313 
	 1448972373 
	 1448972434 
	 1448972494 
	 1448972554 
	 1448972615 
	 1448972665 
	 1448972704 
	 1448972769 
	 1448972853 
	 1448972914 
	 1448972965 
	 1448973033 
	 1448973073 
	 1448973133 
	 1448973193 
	 1448973265 
	 1448973326 
	 1448973386 
	 1448973446 
	 1448973506 
	 1448973573 
	 1448973633 
	 1448973701 
	 1448973764 
	 1448973826 
	 1448973933 
	 1448973950 
	 1448973997 
	 1448974058 
	 1448974118 
	 1448974201 
	 1448974262 
	 1448974322 
	 1448974383 
	 1448974443 
	 1448974504 
	 1448974564 
	 1448974625 
	 1448974686 
	 1448974781 
	 1448974828 
	 1448974888 
	 1448974948 
	 1448975009 
	 1448975086 
	 1448975125 
	 1448975186 
	 1448975246 
	 1448975307 
	 1448975367 
	 1448975427 
	 1448975488 
	 1448975548 
	 1448975609 
	 1448975734 
	 1448975760 
	 1448975820 
	 1448975891 
	 1448975952 
	 1448976012 
	 1448976073 
	 1448976134 
	 1448976194 
	 1448976254 
	 1448976314 
	 1448976374 
	 1448976435 
	 1448976495 
	 1448976625 
	 1448976680 
	 1448976740 
	 1448976800 
	 1448976865 
	 1448976926 
	 1448977002 
	 1448977063 
	 1448977100 
	 1448977173 
	 1448977242 
	 1448977303 
	 1448977363 
	 1448977424 
	 1448977545 
	 1448977562 
	 1448977609 
	 1448977669 
	 1448977730 
	 1448977791 
	 1448977894 
	 1448977911 
	 1448978029 
	 1448978065 
	 1448978099 
	 1448978160 
	 1448978254 
	 1448978315 
	 1448978436 
	 1448978453 
	 1448978500 
	 1448978561 
	 1448978689 
	 1448978744 
	 1448978805 
	 1448978869 
	 1448978924 
	 1448979075 
	 1448979153 
	 1448979214 
	 1448979402 
	 1448979462 
	 1448979522 
	 1448979586 
	 1448979693 
	 1448979800 
	 1448979873 
	 1448980013 
	 1448980089 
	 1448980112 
	 1448980165 
	 1448980242 
	 1448980317 
	 1448980402 
	 1448980450 
	 1448980485 
	 1448980593 
	 1448980611 
	 1448980658 
	 1448980805 
	 1448980863 
	 1448980908 
	 1448980928 
	 1448981002 
	 1448981045 
	 1448981084 
	 1448981137 
	 1448981179 
	 1448981245 
	 1448981469 
	 1448981548 
	 1448981607 
	 1448981672 
	 1448981732 
	 1448981811 
	 1448981873 
	 1448981965 
	 1448982054 
	 1448982114 
	 1448982174 
	 1448982213 
	 1448982290 
	 1448982333 
	 1448982394 
	 1448982454 
	 1448982515 
	 1448982575 
	 1448982640 
	 1448982702 
	 1448982770 
	 1448982865 
	 1448982947 
	 1448983007 
	 1448983067 
	 1448983127 
	 1448983230 
	 1448983312 
	 1448983372 
	 1448983465 
	 1448983530 
	 1448983577 
	 1448983654 
	 1448983672 
	 1448983724 
	 1448983778 
	 1448983916 
	 1448983945 
	 1448984012 
	 1448984100 
	 1448984192 
	 1448984220 
	 1448984297 
	 1448984372 
	 1448984406 
	 1448984461 
	 1448984520 
	 1448984580 
	 1448984664 
	 1448984732 
	 1448984777 
	 1448984837 
	 1448984884 
	 1448984941 
	 1448985001 
	 1448985092 
	 1448985153 
	 1448985218 
	 1448985265 
	 1448985300 
	 1448985361 
	 1448985422 
	 1448985486 
	 1448985564 
	 1448985632 
	 1448985664 
	 1448985753 
	 1448985814 
	 1448985841 
	 1448985939 
	 1448985970 
	 1448986022 
	 1448986081 
	 1448986142 
	 1448986202 
	 1448986262 
	 1448986323 
	 1448986383 
	 1448986466 
	 1448986504 
	 1448986653 
	 1448986692 
	 1448986717 
	 1448986858 
	 1448986917 
	 1448986974 
	 1448987034 
	 1448987235 
	 1448987365 
	 1448987382 
	 1448987441 
	 1448987501 
	 1448987549 
	 1448987643 
	 1448987681 
	 1448987773 
	 1448987817 
	 1448987869 
	 1448987929 
	 1448988002 
	 1448988062 
	 1448988099 
	 1448988151 
	 1448988245 
	 1448988305 
	 1448988366 
	 1448988427 
	 1448988487 
	 1448988534 
	 1448988569 
	 1448988632 
	 1448988688 
	 1448988775 
	 1448988837 
	 1448988897 
	 1448988931 
	 1448989029 
	 1448989089 
	 1448989120 
	 1448989188 
	 1448989243 
	 1448989296 
	 1448989367 
	 1448989434 
	 1448989495 
	 1448989555 
	 1448989627 
	 1448989673 
	 1448989709 
	 1448989773 
	 1448989836 
	 1448989897 
	 1448989958 
	 1448990018 
	 1448990069 
	 1448990139 
	 1448990199 
	 1448990260 
	 1448990329 
	 1448990377 
	 1448990433 
	 1448990505 
	 1448990549 
	 1448990627 
	 1448990670 
	 1448990728 
	 1448990817 
	 1448990878 
	 1448990938 
	 1448990997 
	 1448991038 
	 1448991131 
	 1448991149 
	 1448991211 
	 1448991272 
	 1448991332 
	 1448992440 
	 1448992500 
	 1448992560 
	 1448992621 
	 1448992681 
	 1448992745 
	 1448992817 
	 1448992878 
	 1448992952 
	 1448993014 
	 1448993080 
	 1448993161 
	 1448993220 
	 1448993280 
	 1448993342 
	 1448993399 
	 1448993462 
	 1448993554 
	 1448993580 
	 1448993639 
	 1448993733 
	 1448993760 
	 1448993833 
	 1448993913 
	 1448993948 
	 1448994003 
	 1448994093 
	 1448994141 
	 1448994179 
	 1448994244 
	 1448994301 
	 1448994360 
	 1448994421 
	 1448994482 
