			 1445366534 
			 1445366594 
			 1445366674 
			 1445366703 
			 1445366761 
			 1445366830 
			 1445366881 
			 1445366941 
			 1445367020 
			 1445367098 
			 1445367147 
			 1445367218 
			 1445367239 
			 1445367296 
			 1445367398 
			 1445367453 
			 1445367476 
			 1445367578 
			 1445367621 
			 1445367656 
			 1445367733 
			 1445367795 
			 1445367836 
			 1445367896 
			 1445367998 
			 1445368021 
			 1445368081 
			 1445368141 
			 1445368196 
			 1445368288 
			 1445368329 
			 1445368376 
			 1445368452 
			 1445368496 
			 1445368566 
			 1445368641 
			 1445368676 
			 1445368752 
			 1445368940 
			 1445369051 
			 1445369109 
			 1445369157 
			 1445369232 
			 1445369308 
			 1445369352 
			 1445369594 
			 1445369900 
			 1445368452 
			 1445368496 
			 1445368566 
			 1445368641 
			 1445368676 
			 1445368752 
			 1445368940 
			 1445369051 
			 1445369109 
			 1445369157 
			 1445369232 
			 1445369308 
			 1445369352 
			 1445369594 
			 1445369900 
			 1445370857 
			 1445370896 
			 1445370962 
			 1445371026 
			 1445371098 
			 1445371136 
			 1445371201 
			 1445371266 
			 1445371326 
			 1445371406 
			 1445371466 
			 1445371496 
			 1445371586 
			 1445371642 
			 1445371717 
			 1445371766 
			 1445370896 
			 1445370962 
			 1445371026 
			 1445371098 
			 1445371136 
			 1445371201 
			 1445371266 
			 1445371326 
			 1445371406 
			 1445371466 
			 1445371496 
			 1445371586 
			 1445371642 
			 1445371717 
			 1445371766 
