			 1449601597 
			 1449601657 
			 1449601717 
			 1449601777 
			 1449601855 
			 1449601918 
			 1449601975 
			 1449602035 
			 1449602095 
			 1449602155 
			 1449602215 
			 1449602275 
			 1449602335 
			 1449602395 
			 1449602455 
			 1449602515 
			 1449602575 
			 1449602635 
			 1449602695 
			 1449602755 
			 1449602815 
			 1449602875 
			 1449602935 
			 1449602995 
			 1449603055 
			 1449603115 
			 1449603175 
			 1449603235 
			 1449603295 
			 1449603355 
			 1449603415 
			 1449603475 
			 1449603535 
			 1449603595 
			 1449603655 
			 1449603715 
			 1449603775 
			 1449603835 
			 1449603895 
			 1449603955 
			 1449604015 
			 1449604075 
			 1449604135 
			 1449604195 
			 1449604255 
			 1449604315 
			 1449604375 
			 1449604435 
			 1449604495 
			 1449604555 
			 1449604615 
			 1449604675 
			 1449604735 
			 1449604795 
			 1449604855 
			 1449604915 
			 1449604975 
			 1449605035 
			 1449605095 
			 1449605155 
			 1449605215 
			 1449605275 
			 1449605335 
			 1449605395 
			 1449605455 
			 1449605515 
			 1449605575 
			 1449605635 
			 1449605695 
			 1449605755 
			 1449605815 
			 1449605875 
			 1449605935 
			 1449605995 
			 1449606055 
			 1449606115 
			 1449606175 
			 1449606235 
			 1449606295 
			 1449606355 
			 1449606415 
			 1449606475 
			 1449606535 
			 1449606595 
			 1449606655 
			 1449606715 
			 1449606775 
			 1449606835 
			 1449606895 
			 1449606955 
			 1449607015 
			 1449607075 
			 1449607135 
			 1449607195 
			 1449607255 
			 1449607315 
			 1449607375 
			 1449607435 
			 1449607495 
			 1449607555 
			 1449607615 
			 1449607675 
			 1449607735 
			 1449607795 
			 1449607855 
			 1449607915 
			 1449607975 
			 1449608035 
			 1449608095 
			 1449608155 
			 1449608215 
			 1449608275 
			 1449608335 
			 1449608395 
			 1449608455 
			 1449608515 
			 1449608575 
			 1449608635 
			 1449608695 
			 1449608755 
			 1449608815 
			 1449608875 
